14 0.0946 1.14 0.309286
15 0.09809999999999999 1.2 0.409333
16 0.092 1.27 0.42125
17 0.0984 1.37 0.481765
18 0.0933 1.41 0.532222
19 0.0918 1.46 0.493158
20 0.077 1.49 0.404
21 0.085 1.52 0.528571
22 0.0742 1.49 0.423636
23 0.0674 1.51 0.371304
24 0.0776 1.54 0.585417
25 0.0684 1.55 0.476
26 0.06709999999999999 1.54 0.494231
27 0.0688 1.58 0.518148
28 0.0506 1.61 0.3
29 0.06 1.58 0.480345
30 0.0548 1.66 0.415667
31 0.0574 1.7 0.465806
32 0.0492 1.57 0.4175
33 0.049 1.68 0.425455
34 0.043 1.61 0.342647
35 0.0432 1.64 0.325429
36 0.0458 1.64 0.429722
37 0.0464 1.66 0.436486
38 0.0456 1.66 0.454737
39 0.041999999999999996 1.61 0.515385
40 0.0378 1.7 0.327
41 0.0384 1.66 0.378293
42 0.0364 1.71 0.357143
43 0.0364 1.71 0.35907
44 0.0322 1.67 0.307727
45 0.0378 1.64 0.478444
46 0.0322 1.78 0.316739
47 0.0334 1.72 0.447234
48 0.0294 1.71 0.274792
49 0.0308 1.76 0.338367
50 0.0318 1.82 0.4072
51 0.0304 1.84 0.362157
52 0.0268 1.84 0.285962
53 0.0318 1.8 0.443585
54 0.0278 1.73 0.321296
55 0.027 1.84 0.330545
56 0.0274 1.84 0.348214
57 0.0274 1.81 0.367719
58 0.0238 1.89 0.247241
59 0.0256 1.78 0.33322
60 0.0262 1.78 0.3815
61 0.0256 1.8 0.365738
62 0.021 1.88 0.226774
63 0.023899999999999998 1.83 0.34619
64 0.0234 1.86 0.321875
65 0.0202 1.86 0.226308
66 0.0204 1.83 0.284697
67 0.024 1.8 0.374478
68 0.0224 1.85 0.317647
69 0.0218 1.85 0.316667
70 0.0206 1.99 0.298857
71 0.0238 1.92 0.438169
72 0.0212 1.85 0.37375
73 0.0194 1.9 0.283288
74 0.0214 1.9 0.353514
75 0.0196 1.92 0.322133
76 0.0212 1.82 0.402368
77 0.018000000000000002 1.89 0.266623
78 0.0184 1.93 0.274231
79 0.0182 1.87 0.269114
80 0.017 1.95 0.225375
81 0.0172 2.0 0.258148
82 0.0182 1.98 0.320244
83 0.019 1.93 0.374819
84 0.0182 1.92 0.334762
85 0.0182 1.92 0.349176
86 0.0168 1.95 0.261047
87 0.017 1.92 0.301264
88 0.0178 1.93 0.341023
89 0.0152 2.06 0.223371
90 0.0166 1.94 0.314778
91 0.016 1.95 0.286154
92 0.015 1.92 0.233043
93 0.0138 1.99 0.172688
94 0.0154 2.07 0.273191
95 0.0154 2.04 0.293368
96 0.0142 2.05 0.225417
97 0.0136 1.93 0.209381
98 0.0142 1.99 0.290306
99 0.0134 1.96 0.204949
100 0.014 1.94 0.2624
101 0.0148 2.08 0.302475
102 0.0144 2.0 0.313235
103 0.0132 1.97 0.236796
104 0.0132 2.01 0.229904
105 0.014 2.05 0.314095
106 0.0126 2.08 0.212925
107 0.0123 2.0 0.227009
108 0.0124 2.01 0.219815
109 0.0132 2.04 0.25945
110 0.0134 2.01 0.312273
111 0.0122 2.04 0.22009
112 0.0122 1.96 0.228929
113 0.0122 2.05 0.233805
114 0.012 1.97 0.237632
115 0.0114 1.99 0.187652
116 0.0116 1.99 0.217241
117 0.0114 2.1 0.206667
118 0.0118 2.22 0.253305
119 0.0114 2.0 0.228235
120 0.0114 2.2 0.226833
121 0.0122 2.08 0.276198
122 0.011 2.08 0.21959
123 0.0114 2.06 0.241626
124 0.0108 2.08 0.208306
125 0.0112 2.0 0.22592
126 0.011 2.12 0.227063
127 0.0102 2.04 0.179055
128 0.012 2.06 0.342734
129 0.0104 2.13 0.206512
130 0.0102 2.05 0.187615
131 0.0098 2.1 0.163282
132 0.01 2.15 0.193409
133 0.0106 2.01 0.263233
134 0.0092 2.1 0.135896
135 0.0096 2.06 0.184148
136 0.0106 2.09 0.273309
137 0.0098 2.2 0.21708
138 0.0098 2.14 0.238478
139 0.0096 2.18 0.201871
140 0.0092 2.17 0.189071
141 0.01 2.15 0.254823
142 0.0098 2.18 0.240563
143 0.0098 2.06 0.267692
144 0.0092 2.05 0.220347
145 0.009 2.16 0.163862
146 0.0088 2.11 0.16774
147 0.0094 2.05 0.249524
148 0.0088 2.16 0.207635
149 0.009 2.21 0.19906
150 0.0084 2.17 0.157933
151 0.0088 2.32 0.171589
152 0.0086 2.1 0.168421
153 0.0086 2.25 0.178627
154 0.0082 2.11 0.150714
155 0.0092 2.12 0.253871
156 0.0086 2.24 0.192436
157 0.009 2.2 0.224904
158 0.0088 2.04 0.236646
159 0.0084 2.13 0.192516
160 0.0082 2.09 0.203688
161 0.0078 2.08 0.158137
162 0.0082 2.43 0.204691
163 0.0084 2.13 0.221043
164 0.0088 2.08 0.278354
165 0.0074 2.14 0.128485
166 0.0078 2.04 0.179337
167 0.0076 2.16 0.164431
168 0.0074 2.26 0.14006
169 0.0081 2.17 0.23503
170 0.0078 2.21 0.192941
171 0.0076 2.18 0.171637
172 0.0076 2.18 0.184767
173 0.0082 2.18 0.259827
174 0.0072 2.22 0.157989
175 0.008 2.21 0.221429
176 0.0072 2.18 0.16142
177 0.0072 2.14 0.159322
178 0.0072 2.14 0.155056
179 0.0074 2.23 0.184916
180 0.007 2.32 0.156611
181 0.007 2.19 0.142597
182 0.0072 2.28 0.175549
183 0.007 2.28 0.142404
184 0.007 2.23 0.155435
185 0.0068 2.22 0.142865
186 0.0066 2.12 0.140161
187 0.0072 2.2 0.206684
188 0.0068 2.3 0.169628
189 0.0072 2.2 0.219418
190 0.0076 2.15 0.270053
191 0.0072 2.17 0.242932
192 0.0072 2.28 0.224375
193 0.0072 2.3 0.245337
194 0.0068 2.19 0.181598
195 0.006500000000000001 2.28 0.152564
196 0.007 2.16 0.224643
197 0.0064 2.25 0.168985
198 0.0066 2.2 0.171515
199 0.0064 2.36 0.15794
200 0.006 2.36 0.1185
601 0.002 2.54 0.0996007
701 0.0016 2.48 0.0642796
801 0.0014 2.47 0.0485144
901 0.0014 2.63 0.139156
1001 0.0012 2.55 0.0983417
202 0.0062 2.39 0.146584
203 0.0062 2.41 0.145567
204 0.0064 2.24 0.19402
205 0.0062 2.21 0.147951
206 0.0066 2.23 0.227039
207 0.006 2.27 0.135217
208 0.0062 2.19 0.168942
209 0.0062 2.17 0.175694
210 0.0066 2.34 0.207429
201 0.0064 2.21 0.171393
202 0.0065 2.32 0.234406
203 0.0068 2.2 0.227488
204 0.0062 2.23 0.153578
205 0.0066 2.23 0.204829
206 0.0062 2.32 0.18034
207 0.0064 2.35 0.205845
208 0.0062 2.17 0.169808
209 0.006 2.22 0.152249
210 0.0064 2.17 0.191857
211 0.0062 2.35 0.171137
212 0.0064 2.23 0.204387
213 0.0062 2.34 0.193099
214 0.006200000000000001 2.35 0.229346
215 0.0066 2.29 0.267302
216 0.0062 2.38 0.209722
217 0.0054 2.28 0.0919816
218 0.0058 2.29 0.129817
219 0.0058 2.4 0.154338
220 0.0058 2.35 0.152227
221 0.0058 2.18 0.16009
222 0.0056 2.2 0.133198
223 0.0054 2.34 0.110717
224 0.0058 2.35 0.180491
225 0.0056 2.37 0.135556
226 0.0056 2.21 0.154248
227 0.006 2.27 0.215903
228 0.0058 2.45 0.18943
229 0.0054 2.14 0.130917
230 0.0054 2.1 0.118304
231 0.0052 2.3 0.114242
232 0.0056 2.36 0.173017
233 0.0054 2.31 0.149742
234 0.0054 2.34 0.13859
235 0.0054 2.32 0.165745
236 0.0056 2.35 0.191271
237 0.0048 2.25 0.0827426
238 0.0054 2.29 0.160672
239 0.0056 2.36 0.191172
240 0.0054 2.21 0.149583
241 0.005 2.26 0.115104
242 0.0058 2.22 0.243347
243 0.0051 2.27 0.151399
244 0.005 2.27 0.130984
245 0.0052 2.29 0.142286
246 0.0052 2.31 0.150935
247 0.0054 2.28 0.198178
248 0.005 2.32 0.136492
249 0.0048 2.13 0.109679
250 0.005 2.25 0.1292
251 0.0054 2.22 0.204821
252 0.0051 2.22 0.203333
253 0.005 2.28 0.145455
254 0.0054 2.35 0.218976
255 0.0046 2.25 0.0969412
256 0.005 2.22 0.148711
257 0.0052 2.44 0.191323
258 0.005 2.4 0.177752
259 0.005 2.29 0.166988
260 0.005 2.34 0.159615
261 0.005 2.36 0.188812
262 0.005 2.31 0.171489
263 0.0046 2.16 0.1273
264 0.0046 2.36 0.111591
265 0.0046 2.21 0.110943
266 0.0046 2.19 0.10282
267 0.005 2.34 0.190787
268 0.005 2.2 0.21597
269 0.0044 2.36 0.0963941
270 0.0045000000000000005 2.25 0.137037
271 0.0046 2.43 0.131587
272 0.0046 2.44 0.136066
273 0.0046 2.21 0.146667
274 0.0048000000000000004 2.18 0.224635
275 0.005 2.26 0.223964
276 0.0044 2.15 0.126341
277 0.0046 2.26 0.15935
278 0.0048 2.25 0.191619
279 0.0048 2.4 0.196272
280 0.0048 2.26 0.192536
281 0.0044 2.41 0.125979
282 0.0048 2.3 0.205816
283 0.0044 2.33 0.136996
284 0.0044 2.34 0.117887
285 0.0046 2.34 0.184211
286 0.0044 2.37 0.141364
287 0.0044 2.25 0.142892
288 0.0042 2.28 0.127292
289 0.004 2.34 0.0885121
290 0.0042 2.24 0.113483
291 0.004399999999999999 2.22 0.193918
292 0.0042 2.42 0.113733
293 0.0046 2.32 0.20273
294 0.0042 2.38 0.124626
295 0.0046 2.26 0.206136
296 0.0039 2.26 0.0981419
297 0.0044 2.29 0.172862
298 0.004 2.25 0.099094
299 0.0042 2.39 0.141371
300 0.004 2.3 0.107233
301 0.0042 2.3 0.142658
302 0.0042 2.37 0.136556
303 0.004 2.34 0.0951155
304 0.0042 2.33 0.154671
305 0.0042 2.38 0.168164
306 0.0042 2.62 0.157026
307 0.0044 2.3 0.212117
308 0.0044 2.39 0.191591
309 0.0042 2.37 0.158479
310 0.004 2.41 0.121677
311 0.0042 2.23 0.176399
312 0.004 2.39 0.137212
313 0.004 2.29 0.131821
314 0.0038 2.32 0.101688
314 0.0042 2.35 0.177197
315 0.0039 2.37 0.134286
316 0.004 2.46 0.129367
317 0.004 2.44 0.135363
318 0.0038 2.5 0.0984591
319 0.004 2.52 0.159091
320 0.004 2.37 0.16825
321 0.0036 2.33 0.0793146
322 0.004 2.41 0.151273
323 0.004 2.24 0.158266
324 0.0042 2.31 0.215154
325 0.0038 2.41 0.129785
326 0.0038 2.5 0.121994
327 0.004 2.36 0.1763
328 0.0038 2.35 0.125915
329 0.0038 2.4 0.129635
330 0.0042 2.23 0.237333
331 0.004 2.46 0.19281
332 0.0038 2.42 0.152922
333 0.0038 2.52 0.145135
334 0.0038 2.34 0.143144
335 0.0038 2.34 0.154687
336 0.004 2.31 0.21131
337 0.0038 2.35 0.148932
338 0.0034 2.23 0.082071
339 0.004 2.3 0.213599
340 0.0038 2.26 0.154235
341 0.0034 2.37 0.088915
342 0.0034 2.39 0.0780994
343 0.0036 2.38 0.132915
344 0.0036 2.34 0.134273
345 0.0034 2.34 0.0835072
346 0.0038 2.45 0.171358
347 0.0038 2.31 0.183602
348 0.0036 2.52 0.133678
348 0.0036 2.35 0.140086
349 0.0034 2.29 0.102808
350 0.0034 2.26 0.0952286
351 0.0032 2.4 0.0636182
352 0.0034 2.38 0.0976989
353 0.0036 2.3 0.141218
354 0.0034 2.3 0.108616
355 0.0034 2.45 0.11462
356 0.0038 2.3 0.200365
357 0.0036 2.57 0.151204
358 0.0034 2.52 0.11243
359 0.0034 2.33 0.119387
360 0.0032 2.39 0.0704722
361 0.0038 2.36 0.215152
362 0.0034 2.33 0.109006
363 0.0036 2.47 0.180882
364 0.0032 2.52 0.0916758
365 0.0034 2.32 0.134658
366 0.0036 2.62 0.168852
367 0.0034000000000000002 2.25 0.207493
368 0.0032 2.36 0.0870924
369 0.0034 2.33 0.123686
370 0.0034 2.52 0.138703
371 0.0036 2.32 0.187574
372 0.0032 2.39 0.0978226
373 0.0032 2.44 0.0918767
374 0.0034 2.35 0.154358
375 0.0034 2.33 0.156693
376 0.0034 2.42 0.151676
377 0.0032 2.43 0.10565
378 0.0032 2.36 0.115635
379 0.0034 2.34 0.164063
380 0.003 2.41 0.0688158
381 0.0032 2.4 0.123465
382 0.003 2.38 0.0757853
383 0.0032 2.37 0.118016
384 0.0032 2.42 0.117526
385 0.0034 2.47 0.182805
386 0.0034 2.48 0.180751
387 0.0034 2.48 0.175401
388 0.0034 2.37 0.19451
389 0.003 2.33 0.0780977
390 0.003 2.26 0.0854615
391 0.003 2.65 0.0914834
392 0.0032 2.56 0.136403
393 0.0032 2.41 0.140891
394 0.003 2.47 0.0841117
395 0.003 2.45 0.108835
396 0.0032 2.4 0.140101
397 0.0032 2.54 0.141637
398 0.003 2.47 0.0919095
399 0.003 2.18 0.100301
400 0.003 2.37 0.106575
401 0.003 2.42 0.108254
402 0.003 2.42 0.102662
403 0.003 2.52 0.104367
404 0.003 2.42 0.106386
405 0.003 2.4 0.11084
406 0.003 2.47 0.110099
407 0.0032 2.41 0.171622
408 0.003 2.67 0.10098
409 0.003 2.44 0.120293
410 0.003 2.59 0.134195
411 0.003 2.55 0.118564
412 0.003 2.44 0.121068
413 0.003 2.57 0.102276
414 0.003 2.35 0.12843
415 0.003 2.35 0.129133
416 0.0028 2.47 0.0842788
417 0.0028 2.49 0.091199
418 0.003 2.48 0.138278
419 0.003 2.54 0.13401
420 0.0028 2.31 0.0808571
421 0.003 2.39 0.146888
422 0.0028 2.41 0.0917773
423 0.0028 2.41 0.0978251
424 0.0028 2.56 0.0885142
425 0.0029 2.39 0.134918
426 0.003 2.32 0.160939
427 0.0026 2.42 0.0625059
428 0.0028 2.33 0.0865187
429 0.0028 2.31 0.105991
430 0.0028 2.45 0.102233
431 0.0028 2.37 0.108097
432 0.0028 2.34 0.105046
433 0.0028 2.3 0.114296
434 0.0028 2.27 0.0968203
435 0.0026 2.33 0.0617701
436 0.0028 2.45 0.124817
437 0.0028 2.48 0.10778
438 0.0028 2.58 0.124909
439 0.0028 2.29 0.180843
440 0.0028 2.6 0.124818
441 0.0026 2.63 0.0695465
442 0.0028 2.39 0.120747
443 0.0028 2.51 0.134018
444 0.0028 2.49 0.130811
445 0.0028 2.44 0.143888
446 0.0028 2.55 0.131794
447 0.0028 2.54 0.131521
448 0.0028 2.5 0.135179
449 0.003 2.33 0.211982
450 0.0028 2.58 0.132867
451 0.0028 2.42 0.13847
452 0.0028 2.27 0.145199
453 0.0028 2.67 0.153046
454 0.0028 2.37 0.150132
455 0.0026 2.47 0.097956
456 0.0028 2.48 0.156162
457 0.0026 2.49 0.0844201
458 0.0028 2.33 0.169738
459 0.0028 2.55 0.15024
460 0.0028 2.48 0.148196
461 0.0026 2.42 0.0930152
462 0.0026 2.35 0.100563
463 0.0026 2.71 0.104276
464 0.0028 2.62 0.153642
465 0.0026 2.51 0.0933763
466 0.0028 2.45 0.172468
467 0.0026 2.37 0.110642
468 0.0028 2.36 0.170043
469 0.0026 2.76 0.107761
470 0.0026 2.68 0.109596
471 0.0028 2.51 0.184777
472 0.0026 2.64 0.11786
473 0.0028 2.5 0.188351
474 0.0026 2.51 0.105759
475 0.0028 2.18 0.188232
476 0.0026 2.68 0.129685
477 0.0026 2.62 0.127966
478 0.0026 2.49 0.125377
479 0.0024 2.47 0.0752401
480 0.0026 2.51 0.129292
481 0.0024 2.55 0.0780249
482 0.0026 2.37 0.13695
483 0.0026 2.5 0.13265
484 0.0026 2.53 0.143161
485 0.0026 2.62 0.13534
486 0.0024 2.54 0.0786214
487 0.0026 2.5 0.148624
488 0.0024 2.51 0.0846107
489 0.0024 2.47 0.0789571
490 0.0026 2.57 0.160041
491 0.0024 2.46 0.0902648
492 0.0026 2.3 0.157195
493 0.0026 2.58 0.148783
494 0.0024 2.36 0.0991093
495 0.0024 2.42 0.0910303
496 0.0024 2.27 0.092621
497 0.0024 2.25 0.0937626
498 0.0026 2.35 0.170402
499 0.0024 2.59 0.10523
500 0.0024 2.38 0.10604
